# c17 input
# 32 Test Vectors
# 34 Stuck-at-faults

INPUT_VECTOR
0,0,0,0,0
0,0,0,0,1
0,0,0,1,0
0,0,0,1,1
0,0,1,0,0
0,0,1,0,1
0,0,1,1,0
0,0,1,1,1
0,1,0,0,0
0,1,0,0,1
0,1,0,1,0
0,1,0,1,1
0,1,1,0,0
0,1,1,0,1
0,1,1,1,0
0,1,1,1,1
1,0,0,0,0
1,0,0,0,1
1,0,0,1,0
1,0,0,1,1
1,0,1,0,0
1,0,1,0,1
1,0,1,1,0
1,0,1,1,1
1,1,0,0,0
1,1,0,0,1
1,1,0,1,0
1,1,0,1,1
1,1,1,0,0
1,1,1,0,1
1,1,1,1,0
1,1,1,1,1

FAULTS
1 0
1 1
2 0
2 1
3 0
3 1
6 0
6 1
7 0
7 1
22 0
22 1
23 0
23 1
10 0
10 1
11 0
11 1
16 0 
16 1
19 0
19 1
3.1 0
3.1 1
3.2 0
3.2 1
11.1 0
11.1 1
11.2 0
11.2 1
16.1 0
16.1 1
16.2 0
16.2 1